7:12 53.3473 -6.55057 4.729972444896906
7:12 53.37077 -6.48279 7.345007955924329
7:12 53.35152 -6.54989 4.384720920732948
7:12 53.37278 -6.59611 1.0568591065324324
7:13 53.40126 -6.6683 5.501127963830095
7:14 53.34484 -6.54766 5.064841298252692
7:15 53.34133 -6.51856 6.640626429765228
7:15 53.34492 -6.5557 4.767634649087383
7:16 53.29206 -6.67685 11.476251948337113
7:16 53.36483 -6.51278 5.584523872675316
7:16 53.33067 -6.54686 6.438662549645234
7:16 53.36287 -6.52468 4.939554900715914
7:17 53.37416 -6.49494 6.490881975607122
7:17 53.39549 -6.67647 5.805542644736055
7:18 53.33239 -6.55163 6.125231191131002
7:18 53.34678 -6.53415 5.476060296567679
7:18 53.36869 -6.48314 7.3650954476544905
7:19 53.37521 -6.6103 1.431092867032775
7:20 53.33751 -6.53173 6.353912883071974
7:21 53.37184 -6.50065 6.157724263792639
7:21 53.36143 -6.51849 5.3793356802383965
7:21 53.37473 -6.59338 0.8086483713021843
7:22 53.34514 -6.53615 5.517932286843562
7:22 53.36115 -6.48907 7.204568191546271
7:23 53.39351 -6.5542 2.812394842780456
7:23 53.33886 -6.55468 5.391135205425537
7:25 53.36115 -6.48907 7.204568191546271
7:26 53.37497 -6.4991 6.205555172197963
7:27 53.37565 -6.60716 1.2298807353266163
7:27 53.3354 -6.55111 5.8418128318502225
7:28 53.36143 -6.51849 5.3793356802383965
7:28 53.36115 -6.48907 7.204568191546271
7:28 53.39459 -6.66995 5.362084546233126
7:29 53.37122 -6.586 1.2560863742298185
7:30 53.36656 -6.49183 6.85669284793025
7:30 53.36141 -6.51834 5.38929213292625
7:30 53.37323 -6.58859 0.9944625567711955
7:31 53.36292 -6.50203 6.327624703535094
7:31 53.38122 -6.59226 0.08424665985225271
7:31 53.35098 -6.54915 4.462295231927631
7:31 53.34312 -6.54747 5.228974080520619
7:31 53.34197 -6.55492 5.078497693730277
7:31 53.37954 -6.58793 0.37663079905164104
7:32 53.33835 -6.53984 5.953824141554455
7:32 53.36976 -6.59828 1.4196072121067451
7:32 53.37811 -6.57952 0.9267037286822628
7:33 53.39847 -6.66787 5.360974301687683
7:34 53.38579 -6.58673 0.5484546187453222
7:34 53.37626 -6.59308 0.6373613270646686
7:34 53.37336 -6.48219 7.341023818041809
7:34 53.33032 -6.55311 6.292302255053999
7:35 53.37201 -6.48517 7.166803401594199
7:35 53.37416 -6.49731 6.335117312482488
7:36 53.36164 -6.50526 6.176789199115121
7:36 53.37043 -6.48193 7.407711160229263
7:36 53.35372 -6.54564 4.391112648388472
7:37 53.2908 -6.67746 11.618268164290253
7:37 53.39792 -6.6711 5.542818485941043
7:37 53.39315 -6.66909 5.267010261273419
7:39 53.34439 -6.53841 5.481793890279722
7:41 53.33591 -6.53566 6.336195298654022
7:41 53.3632 -6.51178 5.710680478848836
7:42 53.36833 -6.50589 5.904420709722024
7:42 53.35298 -6.54921 4.290324677706321
7:43 53.38122 -6.59226 0.08424665985225271
7:43 53.33605 -6.53414 6.383692827299749
7:43 53.33324 -6.53978 6.427231561916146
7:43 53.38039 -6.59368 0.20908584917166467
7:45 53.36883 -6.51468 5.32740728768422
7:45 53.35401 -6.54603 4.3499616102998555
7:45 53.34745 -6.53401 5.429654932897524
7:46 53.39839 -6.66767 5.3454723823776265
7:47 53.3473 -6.55057 4.729972444896906
7:48 53.29128 -6.67836 11.601166135774447
7:48 53.36158 -6.50533 6.174914993077355
7:48 53.3727 -6.58757 1.0682619502471844
7:48 53.35321 -6.55412 4.06233772530308
7:49 53.31159 -6.60538 7.874538785177811
7:50 53.36455 -6.51435 5.497620757419844
7:50 53.39999 -6.66807 5.433453414720742
7:50 53.37414 -6.60028 1.030379370421639
7:50 53.37402 -6.49363 6.579088138907814
7:51 53.38983 -6.5951 0.9012399435028896
7:51 53.34033 -6.54596 5.542483825219941
7:51 53.28973 -6.67445 11.62672185699212
7:52 53.36518 -6.48913 7.069303420790313
7:52 53.36873 -6.49619 6.518235622478331
7:52 53.33256 -6.55056 6.139642770933827
7:53 53.37565 -6.60701 1.2217160674258503
7:53 53.38895 -6.60579 1.2049858458037617
7:54 53.34648 -6.54552 5.003471312358364
7:55 53.35202 -6.55099 4.295440354536718
7:55 53.37247 -6.60044 1.1960723875611043
7:56 53.37449 -6.60005 0.98939913307648
7:56 53.36559 -6.51914 5.159433682099933
7:57 53.39648 -6.66612 5.1789701795724055
7:57 53.33239 -6.55163 6.125231191131002
7:57 53.39512 -6.67084 5.434615645842127
7:58 53.33835 -6.53984 5.953824141554455
7:58 53.37538 -6.60707 1.2423945621387102
