14870.8
19 86 62 69 70 52 46 64 81 37 50 78 61 51 11 94 72 88 60 21 58 43 30 35 74 92 99 42 71 57 4 83 49 9 98 55 18 63 65 90 15 47 0 22 26 95 82 80 33 20 31 87 45 59 27 16 23 7 73 91 29 48 66 2 41 24 76 5 67 54 8 28 38 6 96 40 13 84 3 17 12 39 25 34 89 53 68 10 1 56 32 93 75 97 36 77 44 14 79 85 
14785.4
75 93 28 31 49 78 30 86 89 62 34 87 94 15 39 0 81 12 83 10 77 73 45 97 68 96 90 37 11 51 22 70 71 82 67 64 2 23 63 76 21 52 38 14 55 69 99 33 61 6 43 35 80 95 46 7 59 36 5 91 32 24 40 25 3 19 66 20 29 84 13 47 60 50 48 72 8 98 44 16 92 53 41 65 74 18 17 26 79 4 85 42 58 56 54 57 1 9 88 27 
14642.1
76 19 25 50 61 9 34 70 59 89 14 92 58 71 13 88 77 36 42 63 37 72 69 27 82 67 74 1 54 78 98 11 15 47 48 80 91 79 93 75 43 28 53 55 6 21 8 10 39 0 87 23 66 22 29 5 41 38 86 24 20 30 33 96 45 32 4 2 26 97 17 44 18 49 31 95 83 57 46 52 40 16 85 51 84 62 3 35 65 99 73 12 68 94 60 90 7 64 56 81 
14585.6
78 19 27 34 9 8 73 21 48 17 67 65 23 51 13 4 47 16 52 24 81 35 12 39 7 59 20 2 22 68 18 41 1 80 11 44 98 60 43 91 61 10 77 33 29 54 49 15 5 93 76 85 3 88 64 71 75 45 55 94 99 31 42 53 97 86 0 40 66 63 62 14 70 82 57 56 38 25 72 46 28 95 87 36 90 74 6 26 83 37 50 92 84 69 58 79 96 89 30 32 
14489.2
44 83 70 41 54 26 12 25 48 17 64 81 42 39 89 90 98 66 63 9 71 35 45 24 16 28 75 23 37 27 51 1 86 80 95 60 82 91 49 5 18 29 56 84 8 92 88 96 36 33 68 34 19 2 52 87 59 40 53 11 77 22 65 78 61 10 4 20 0 72 62 69 6 55 21 15 74 94 93 67 99 76 3 43 31 97 38 57 47 85 7 79 50 30 32 46 14 73 58 13 
14242.3
53 19 0 26 60 59 18 11 14 38 80 17 62 9 55 42 36 48 91 16 72 99 67 47 24 95 29 5 15 93 61 86 76 56 73 30 43 3 97 92 22 66 41 64 75 98 63 65 10 51 33 54 1 74 77 7 90 44 58 89 94 49 27 20 70 2 23 35 52 46 25 45 79 84 13 71 57 21 81 31 4 12 28 88 32 85 6 69 50 40 83 96 39 78 87 8 34 82 37 68 
14224
19 85 76 98 10 63 43 26 51 23 20 60 67 33 80 93 41 77 16 59 53 74 15 96 65 81 87 14 89 0 91 11 45 35 42 47 79 13 9 90 52 1 83 21 38 12 66 70 61 54 36 7 97 95 58 29 57 69 17 72 39 82 92 30 55 4 28 25 71 48 99 5 84 86 3 40 50 49 34 27 24 64 88 31 78 8 56 37 75 32 62 94 18 44 6 73 22 46 68 2 
13764.8
82 18 70 2 29 40 20 74 62 66 98 58 38 76 41 5 60 6 96 45 42 36 93 88 65 30 0 33 51 97 21 17 81 54 16 52 92 68 15 69 59 34 25 91 75 83 56 10 94 89 61 32 84 28 78 72 64 67 37 49 86 26 50 9 55 80 11 53 27 46 95 79 4 8 73 23 19 39 63 24 13 57 14 90 77 99 43 7 31 87 71 48 85 3 1 47 12 44 22 35 
13445.6
21 36 38 92 17 88 95 89 48 60 10 41 72 39 94 63 80 57 26 44 79 37 70 78 76 67 61 69 18 6 23 74 85 20 19 90 66 83 1 11 59 42 3 33 98 99 54 50 45 82 12 81 9 27 0 87 84 31 30 97 28 35 15 43 86 29 14 51 55 62 73 32 40 25 65 4 5 22 7 91 68 2 75 77 56 8 52 96 49 34 46 93 13 47 64 24 16 58 71 53 
13341.7
93 33 92 38 67 5 26 78 52 65 83 22 71 79 57 72 31 9 54 34 62 23 11 36 27 32 76 90 70 91 44 48 80 88 81 16 59 63 37 20 7 45 50 29 18 39 85 69 8 56 4 14 86 3 82 17 28 87 96 55 25 64 84 21 43 95 75 66 30 41 58 46 51 42 94 15 89 47 13 10 61 74 73 77 12 6 60 40 49 35 0 99 24 19 98 97 1 53 2 68 
