14811
63 87 10 36 21 73 88 86 7 1 11 71 12 32 42 6 62 47 68 34 93 96 39 76 77 0 33 84 37 82 24 27 15 30 64 56 46 23 97 18 65 50 79 48 70 16 20 54 45 94 92 60 5 19 58 59 29 81 72 2 74 80 66 53 44 4 95 22 9 78 85 91 99 57 52 43 8 41 69 28 13 98 49 90 51 26 55 67 38 31 89 35 25 17 75 3 83 61 40 14 
14726.8
63 87 10 36 21 73 88 86 7 1 11 71 12 32 42 6 62 47 68 34 93 96 39 76 77 0 33 84 37 82 24 27 15 30 64 56 46 23 97 18 65 50 79 48 70 16 20 54 45 94 92 60 5 19 58 59 29 81 72 2 74 80 66 53 44 4 95 22 9 78 85 91 99 57 52 69 8 41 51 28 13 98 49 90 43 26 55 67 38 31 89 35 25 17 75 3 83 61 40 14 
14715.4
67 81 91 70 53 31 12 39 92 64 72 96 5 58 54 42 29 97 6 2 13 52 23 61 88 30 46 83 51 38 37 35 27 68 93 26 90 49 55 41 40 19 14 4 11 22 98 65 94 25 77 79 95 71 50 76 8 66 99 60 15 62 43 48 3 44 9 57 80 33 45 36 63 56 7 87 89 73 69 59 78 34 24 74 28 86 1 21 47 10 18 17 84 82 20 75 0 16 32 85 
14693.7
67 81 91 70 53 31 12 48 92 64 72 96 5 58 54 98 29 97 6 2 13 52 23 61 88 30 46 83 27 38 60 35 59 68 93 26 90 49 55 41 40 19 14 4 11 22 0 65 94 25 77 79 95 71 50 76 8 66 99 44 15 62 43 3 39 37 9 57 80 33 45 36 63 56 7 87 89 73 69 51 78 34 24 74 28 86 1 21 47 10 18 17 84 82 20 75 42 16 32 85 
14560.5
48 56 23 3 38 79 49 72 32 52 36 95 39 30 22 24 42 7 73 64 51 4 76 8 60 31 92 11 26 91 99 0 14 53 34 25 17 1 13 40 16 67 41 37 93 29 5 33 45 71 61 18 43 90 77 68 6 98 80 97 81 85 54 94 63 44 2 55 70 12 74 78 66 84 50 27 10 46 96 57 9 58 86 87 88 20 15 65 82 19 83 75 28 89 62 59 69 21 47 35 
14501.6
71 54 84 11 67 7 92 99 21 50 2 27 20 40 3 45 75 37 88 91 29 43 22 97 52 76 56 61 73 90 68 41 19 34 4 48 53 16 23 60 28 8 49 65 36 93 14 59 79 98 77 24 87 86 89 82 94 31 0 1 78 9 83 46 15 66 85 5 70 25 63 18 95 62 35 47 74 80 57 26 42 44 69 81 39 51 12 38 17 96 6 33 72 64 30 13 55 10 58 32 
14273.7
11 84 35 55 63 95 19 60 8 65 79 29 4 83 82 97 66 48 10 27 53 86 88 64 2 3 0 26 72 80 44 71 91 21 92 41 67 42 59 54 22 98 14 90 96 5 30 51 70 75 1 99 61 20 56 34 45 12 52 43 77 58 68 31 46 36 15 23 28 76 39 73 69 49 50 32 37 6 17 74 9 47 89 81 87 93 7 18 78 62 94 24 40 13 25 38 33 16 85 57 
14162
67 40 4 93 92 82 99 12 41 46 87 27 32 43 16 44 13 69 76 89 19 37 80 33 45 22 83 25 95 71 38 86 28 52 56 79 10 34 42 26 94 70 0 68 60 77 61 7 24 50 30 8 11 81 3 57 78 74 5 63 6 96 97 65 59 72 18 66 98 1 23 51 75 36 54 53 64 29 20 15 35 17 58 55 39 73 88 49 47 91 9 48 90 14 31 21 84 85 2 62 
13684.3
56 51 90 72 39 29 44 86 93 65 34 13 73 23 69 82 87 52 11 94 98 38 21 77 95 36 3 16 1 76 12 19 49 30 15 7 70 17 22 60 8 97 88 26 42 92 84 53 35 96 33 4 61 0 47 59 9 57 74 91 89 40 28 71 78 24 25 83 48 46 68 43 37 5 27 41 45 10 50 66 81 20 54 62 79 6 75 67 99 64 80 58 63 14 31 85 55 2 18 32 
13534.9
54 13 17 50 93 6 10 89 76 79 64 44 63 35 31 77 1 95 30 70 40 36 68 5 26 12 88 49 96 98 80 72 61 97 65 43 47 11 42 23 7 66 71 92 82 28 67 78 84 91 25 74 9 57 62 69 73 58 60 8 16 21 38 29 81 22 48 4 94 86 83 55 51 41 39 46 52 24 85 18 75 53 87 14 0 34 3 37 56 20 27 99 15 59 2 19 45 90 33 32 
13466.4
90 76 71 11 87 7 22 49 2 6 84 54 41 86 0 29 89 68 92 52 73 55 16 60 95 77 21 35 40 30 8 39 23 31 20 38 93 4 58 81 98 14 57 48 83 10 97 3 67 19 44 91 15 70 43 46 34 12 69 36 47 59 33 17 28 75 1 66 56 74 80 45 96 94 25 79 18 99 88 26 27 24 72 50 32 42 5 82 65 51 85 37 78 63 64 9 62 13 61 53 
13306.1
18 48 40 50 26 91 77 92 24 38 54 44 23 41 67 76 45 22 88 65 73 32 28 12 36 20 19 56 94 87 16 1 70 68 46 21 25 47 5 6 82 75 79 51 31 83 97 55 63 17 60 43 52 49 37 7 10 69 74 33 96 53 89 4 2 29 90 72 35 15 39 42 14 58 80 8 61 99 62 11 84 71 66 78 34 0 9 85 3 30 27 81 93 86 57 64 59 13 98 95 
12391.6
31 42 30 44 73 32 36 65 80 33 98 39 4 75 35 69 56 16 63 20 24 60 66 41 97 94 10 88 26 62 79 92 61 90 53 48 7 99 76 45 81 83 64 93 25 87 17 1 3 59 22 34 49 8 40 52 11 51 2 71 37 28 19 55 38 13 0 72 57 12 82 91 21 84 27 43 89 85 78 70 67 86 50 95 46 47 18 14 5 74 96 77 54 23 6 15 68 58 9 29 
12345.8
31 42 84 44 73 32 36 65 80 33 98 39 4 75 35 69 56 16 63 20 24 60 66 41 97 94 10 88 26 62 79 92 61 90 53 48 7 99 76 45 81 83 64 93 25 87 17 1 3 59 22 34 49 8 40 52 11 51 2 71 37 28 19 55 38 13 0 72 57 12 82 91 21 23 27 43 89 85 78 70 67 86 50 95 46 47 18 14 5 74 96 77 54 30 6 15 68 58 9 29 
12320.1
1 91 75 6 77 32 52 36 64 84 71 94 4 68 73 42 85 11 92 67 79 35 86 54 62 27 70 66 28 31 13 53 10 87 44 33 72 43 88 23 21 51 30 19 24 65 99 46 60 95 26 38 61 41 81 83 12 18 97 16 69 55 82 22 76 5 25 49 63 34 93 29 15 59 78 96 98 8 3 7 89 14 17 56 80 45 37 20 50 48 0 74 57 9 58 47 39 40 90 2 
