14538.2
7 61 63 27 12 43 5 21 60 36 24 94 93 90 37 77 18 67 1 23 92 82 11 19 2 28 30 71 79 56 89 39 68 4 62 40 59 26 45 8 16 13 85 78 70 44 17 25 50 6 64 15 35 55 38 20 58 80 49 83 72 69 31 88 41 51 76 0 65 46 3 99 48 42 10 29 9 97 57 74 14 34 73 96 33 98 53 91 47 54 66 81 87 22 75 95 84 86 52 32 
14506.2
60 99 90 23 10 63 31 6 61 35 38 52 49 66 1 7 69 54 13 24 95 51 48 28 92 30 89 83 58 87 53 75 84 42 27 88 34 0 43 94 36 12 78 86 32 79 50 22 45 80 9 11 70 65 33 71 16 26 68 40 91 4 5 29 67 19 55 37 93 2 98 76 41 8 21 20 57 14 47 72 96 39 59 77 74 56 15 85 3 18 46 17 97 64 62 73 25 44 82 81 
14481
60 99 90 23 10 63 31 6 61 35 38 52 49 66 1 7 69 54 13 24 95 51 29 28 92 48 89 83 58 87 53 75 84 42 27 88 34 0 43 94 36 12 78 86 32 79 50 22 45 80 9 11 70 65 33 71 16 26 68 40 91 4 5 30 67 19 55 37 93 2 98 76 41 8 21 20 57 14 47 72 96 39 59 77 74 56 15 85 3 18 46 17 97 64 62 73 25 44 82 81 
14202.7
39 99 0 23 10 63 31 6 61 35 38 52 49 66 1 7 69 54 13 24 95 51 29 28 92 48 89 83 58 87 53 75 84 42 27 88 34 82 2 60 36 12 78 86 32 79 50 22 45 80 9 11 70 65 33 71 16 26 68 40 91 43 5 30 67 19 55 37 93 4 98 76 41 8 21 20 57 14 47 72 96 94 59 77 74 56 15 85 3 18 46 17 97 64 62 73 25 44 90 81 
14080.5
39 99 0 23 10 63 31 6 61 35 38 52 49 66 1 7 69 54 13 24 95 51 29 28 92 48 89 83 58 87 53 75 84 42 27 88 34 82 50 60 36 12 78 86 32 79 81 22 45 80 9 11 70 65 33 71 16 26 68 40 91 43 5 30 67 19 55 37 93 4 98 76 41 8 21 20 57 14 47 72 96 94 59 77 74 56 15 85 3 18 46 17 97 64 62 73 25 44 90 2 
14038.2
83 55 7 26 60 92 49 94 48 13 66 18 98 37 44 11 33 80 14 47 72 1 67 20 23 64 52 21 12 75 32 17 28 88 71 10 15 69 38 77 51 70 6 45 4 36 41 99 90 58 43 9 8 53 27 24 16 30 73 50 19 31 96 61 79 35 0 81 39 89 56 5 84 57 82 93 3 40 2 76 78 86 87 22 97 59 74 29 54 95 65 62 34 85 68 25 42 63 46 91 
13945.2
80 33 14 25 20 93 10 87 2 13 45 26 69 48 18 77 71 7 28 49 72 79 32 50 55 41 31 19 60 1 21 34 82 43 27 11 64 36 84 56 6 8 30 95 99 0 17 44 61 92 65 73 67 12 78 29 70 97 39 51 88 3 24 75 23 58 5 16 91 47 96 83 76 46 89 94 90 54 38 98 81 85 66 15 35 63 62 68 59 37 40 53 22 9 57 86 52 42 74 4 
13655
37 92 18 68 22 70 71 86 16 56 2 50 55 94 8 6 17 44 61 31 87 13 35 53 76 11 20 42 1 52 54 93 45 65 29 15 40 67 26 41 51 88 98 48 33 27 79 82 47 96 89 4 64 21 62 12 10 63 85 66 49 69 28 23 80 84 43 38 77 25 74 3 32 46 78 39 59 83 0 14 24 34 57 60 9 91 36 7 19 97 73 72 95 58 5 81 75 90 99 30 
13547
37 92 18 68 22 70 71 86 16 56 2 50 55 94 8 6 17 44 61 31 87 13 35 53 76 11 54 42 1 52 38 93 45 65 29 15 40 67 26 41 51 88 98 48 33 27 79 82 47 96 89 4 64 21 62 12 10 63 85 66 49 69 28 23 80 84 43 20 77 25 74 3 32 46 78 39 59 83 0 14 24 34 57 60 9 91 36 7 19 97 73 72 95 58 5 81 75 90 99 30 
13526
84 26 44 71 51 73 35 95 5 80 96 58 48 62 86 1 70 13 30 7 61 99 18 28 60 64 88 93 49 40 77 0 14 89 23 53 82 45 91 8 97 25 12 92 94 21 31 50 19 63 33 76 83 37 69 56 68 75 81 65 47 98 36 87 67 34 20 27 16 79 52 55 54 17 42 3 24 38 57 4 72 2 43 11 46 85 59 90 32 9 15 74 78 41 10 39 66 6 22 29 
13509.8
84 26 44 71 51 73 35 95 5 80 96 58 48 62 86 1 70 13 30 7 61 99 18 28 60 64 88 93 49 40 77 0 14 89 23 53 82 45 91 8 97 25 12 92 94 21 31 50 19 63 33 76 83 37 69 56 68 75 81 65 47 98 36 87 67 78 20 27 16 79 52 55 54 17 42 3 24 38 57 4 72 34 43 11 46 85 59 90 32 9 15 74 2 41 10 39 66 6 22 29 
13062.5
84 1 44 71 51 73 35 95 5 80 96 58 48 62 86 13 70 26 30 7 61 99 18 28 60 64 88 93 49 40 77 0 14 89 23 53 82 45 91 8 97 25 12 92 94 21 31 50 19 63 33 76 83 37 69 56 68 75 81 65 47 98 36 87 67 78 20 27 16 79 52 55 54 17 42 3 24 38 57 4 72 34 43 11 46 85 59 90 32 9 15 74 2 41 10 39 66 6 22 29 
12880.6
84 51 44 71 60 73 35 95 5 80 96 58 48 62 86 13 70 26 30 7 61 99 18 28 1 64 88 93 49 40 77 0 14 89 23 53 82 45 91 8 97 25 12 92 94 21 31 50 19 63 33 76 83 37 69 56 68 75 81 65 47 98 36 87 67 78 20 27 16 79 52 55 54 17 42 3 24 38 57 4 72 34 43 11 46 85 59 90 32 9 15 74 2 41 10 39 66 6 22 29 
12686.9
84 51 44 71 60 73 75 95 5 80 96 58 48 62 86 13 70 26 30 7 61 99 18 28 1 35 88 93 49 40 77 0 14 89 23 53 82 45 91 8 97 25 12 92 94 21 31 50 19 63 33 76 83 37 69 56 68 43 81 65 47 98 36 87 67 78 20 27 16 79 52 55 54 17 42 3 24 38 64 4 72 34 57 11 46 85 59 90 32 9 15 74 2 41 10 39 66 6 22 29 
12666.5
2 86 35 10 28 87 82 38 31 62 91 94 68 93 96 76 39 54 64 8 23 70 11 71 21 3 43 5 80 33 44 99 97 41 61 50 27 52 32 4 49 89 84 83 75 95 15 67 55 69 58 42 1 34 16 53 90 74 0 79 66 51 6 37 18 48 77 73 47 7 26 57 25 36 14 40 22 24 56 46 30 60 59 98 92 17 65 20 85 72 19 81 13 12 29 63 45 78 9 88 
12458.3
71 55 17 35 79 66 23 64 40 50 95 97 99 42 15 60 73 54 43 22 92 3 88 53 44 31 26 91 87 32 1 77 25 49 37 19 21 68 90 4 0 89 28 84 18 16 7 10 45 24 6 70 12 38 48 93 46 96 36 72 74 57 8 69 98 94 63 75 61 62 51 11 13 20 65 78 27 52 47 14 5 56 34 30 83 41 9 33 39 29 81 2 80 86 59 82 58 85 67 76 
