72 53.347300 -6.550570 7:47
54 53.370430 -6.481930 7:36
39 53.350980 -6.549150 7:31
21 53.374730 -6.593380 7:21
79 53.399990 -6.668070 7:50
40 53.343120 -6.547470 7:31
18 53.337510 -6.531730 7:20
41 53.341970 -6.554920 7:31
73 53.291280 -6.678360 7:48
78 53.364550 -6.514350 7:50
87 53.332560 -6.550560 7:52
20 53.361430 -6.518490 7:21
81 53.374020 -6.493630 7:50
97 53.395120 -6.670840 7:57
96 53.332390 -6.551630 7:57
70 53.347450 -6.534010 7:45
1 53.370770 -6.482790 7:12
28 53.375650 -6.607160 7:27
65 53.336050 -6.534140 7:43
52 53.374160 -6.497310 7:35
30 53.361430 -6.518490 7:28
48 53.376260 -6.593080 7:34
59 53.344390 -6.538410 7:39
26 53.361150 -6.489070 7:25
47 53.385790 -6.586730 7:34
29 53.335400 -6.551110 7:27
23 53.361150 -6.489070 7:22
12 53.374160 -6.494940 7:17
88 53.375650 -6.607010 7:53
14 53.332390 -6.551630 7:18
35 53.361410 -6.518340 7:30
85 53.365180 -6.489130 7:52
58 53.393150 -6.669090 7:37
75 53.372700 -6.587570 7:48
86 53.368730 -6.496190 7:52
11 53.362870 -6.524680 7:16
33 53.371220 -6.586000 7:29
53 53.361640 -6.505260 7:36
64 53.381220 -6.592260 7:43
2 53.351520 -6.549890 7:12
5 53.344840 -6.547660 7:14
7 53.344920 -6.555700 7:15
38 53.381220 -6.592260 7:31
98 53.338350 -6.539840 7:58
92 53.372470 -6.600440 7:55
42 53.379540 -6.587930 7:31
71 53.398390 -6.667670 7:46
82 53.389830 -6.595100 7:51
3 53.372780 -6.596110 7:12
51 53.372010 -6.485170 7:35
10 53.330670 -6.546860 7:16
49 53.373360 -6.482190 7:34
27 53.374970 -6.499100 7:26
74 53.361580 -6.505330 7:48
16 53.368690 -6.483140 7:18
69 53.354010 -6.546030 7:45
8 53.292060 -6.676850 7:16
46 53.398470 -6.667870 7:33
32 53.394590 -6.669950 7:28
22 53.345140 -6.536150 7:22
43 53.338350 -6.539840 7:32
9 53.364830 -6.512780 7:16
19 53.371840 -6.500650 7:21
91 53.352020 -6.550990 7:55
67 53.380390 -6.593680 7:43
60 53.335910 -6.535660 7:41
83 53.340330 -6.545960 7:51
93 53.374490 -6.600050 7:56
94 53.365590 -6.519140 7:56
55 53.353720 -6.545640 7:36
15 53.346780 -6.534150 7:18
57 53.397920 -6.671100 7:37
0 53.347300 -6.550570 7:12
56 53.290800 -6.677460 7:37
37 53.362920 -6.502030 7:31
36 53.373230 -6.588590 7:30
63 53.352980 -6.549210 7:42
50 53.330320 -6.553110 7:34
61 53.363200 -6.511780 7:41
4 53.401260 -6.668300 7:13
99 53.375380 -6.607070 7:58
34 53.366560 -6.491830 7:30
89 53.388950 -6.605790 7:53
25 53.338860 -6.554680 7:23
77 53.311590 -6.605380 7:49
31 53.361150 -6.489070 7:28
62 53.368330 -6.505890 7:42
66 53.333240 -6.539780 7:43
17 53.375210 -6.610300 7:19
80 53.374140 -6.600280 7:50
76 53.353210 -6.554120 7:48
90 53.346480 -6.545520 7:54
44 53.369760 -6.598280 7:32
45 53.378110 -6.579520 7:32
68 53.368830 -6.514680 7:45
13 53.395490 -6.676470 7:17
6 53.341330 -6.518560 7:15
95 53.396480 -6.666120 7:57
24 53.393510 -6.554200 7:23
84 53.289730 -6.674450 7:51

